{
  "concat_indices": [
    [
      11064,
      9594,
      6615
    ],
    [
      11064,
      6615,
      9594
    ],
    [
      9594,
      11064,
      6615
    ],
    [
      9594,
      6615,
      11064
    ],
    [
      6615,
      11064,
      9594
    ],
    [
      6615,
      9594,
      11064
    ],
    [
      6497,
      82,
      6613
    ],
    [
      6497,
      6613,
      82
    ],
    [
      82,
      6497,
      6613
    ],
    [
      82,
      6613,
      6497
    ],
    [
      6613,
      6497,
      82
    ],
    [
      6613,
      82,
      6497
    ],
    [
      1601,
      11427,
      441
    ],
    [
      1601,
      441,
      11427
    ],
    [
      11427,
      1601,
      441
    ],
    [
      11427,
      441,
      1601
    ],
    [
      441,
      1601,
      11427
    ],
    [
      441,
      11427,
      1601
    ],
    [
      6232,
      10659,
      6561
    ],
    [
      6232,
      6561,
      10659
    ],
    [
      10659,
      6232,
      6561
    ],
    [
      10659,
      6561,
      6232
    ],
    [
      6561,
      6232,
      10659
    ],
    [
      6561,
      10659,
      6232
    ],
    [
      11086,
      8900,
      6615
    ],
    [
      11086,
      6615,
      8900
    ],
    [
      8900,
      11086,
      6615
    ],
    [
      8900,
      6615,
      11086
    ],
    [
      6615,
      11086,
      8900
    ],
    [
      6615,
      8900,
      11086
    ],
    [
      441,
      6936,
      10652
    ],
    [
      441,
      10652,
      6936
    ],
    [
      6936,
      441,
      10652
    ],
    [
      6936,
      10652,
      441
    ],
    [
      10652,
      441,
      6936
    ],
    [
      10652,
      6936,
      441
    ],
    [
      7374,
      6247,
      1427
    ],
    [
      7374,
      1427,
      6247
    ],
    [
      6247,
      7374,
      1427
    ],
    [
      6247,
      1427,
      7374
    ],
    [
      1427,
      7374,
      6247
    ],
    [
      1427,
      6247,
      7374
    ],
    [
      6613,
      10323,
      441
    ],
    [
      6613,
      441,
      10323
    ],
    [
      10323,
      6613,
      441
    ],
    [
      10323,
      441,
      6613
    ],
    [
      441,
      6613,
      10323
    ],
    [
      441,
      10323,
      6613
    ],
    [
      2623,
      11427,
      12924
    ],
    [
      2623,
      12924,
      11427
    ],
    [
      11427,
      2623,
      12924
    ],
    [
      11427,
      12924,
      2623
    ],
    [
      12924,
      2623,
      11427
    ],
    [
      12924,
      11427,
      2623
    ],
    [
      1592,
      11478,
      6004
    ],
    [
      1592,
      6004,
      11478
    ],
    [
      11478,
      1592,
      6004
    ],
    [
      11478,
      6004,
      1592
    ],
    [
      6004,
      1592,
      11478
    ],
    [
      6004,
      11478,
      1592
    ],
    [
      6613,
      9600,
      1601
    ],
    [
      6613,
      1601,
      9600
    ],
    [
      9600,
      6613,
      1601
    ],
    [
      9600,
      1601,
      6613
    ],
    [
      1601,
      6613,
      9600
    ],
    [
      1601,
      9600,
      6613
    ],
    [
      9594,
      545,
      5179
    ],
    [
      9594,
      5179,
      545
    ],
    [
      545,
      9594,
      5179
    ],
    [
      545,
      5179,
      9594
    ],
    [
      5179,
      9594,
      545
    ],
    [
      5179,
      545,
      9594
    ],
    [
      4855,
      4978,
      2474
    ],
    [
      4855,
      2474,
      4978
    ],
    [
      4978,
      4855,
      2474
    ],
    [
      4978,
      2474,
      4855
    ],
    [
      2474,
      4855,
      4978
    ],
    [
      2474,
      4978,
      4855
    ],
    [
      12440,
      1312,
      7311
    ],
    [
      12440,
      7311,
      1312
    ],
    [
      1312,
      12440,
      7311
    ],
    [
      1312,
      7311,
      12440
    ],
    [
      7311,
      12440,
      1312
    ],
    [
      7311,
      1312,
      12440
    ],
    [
      7519,
      6497,
      4896
    ],
    [
      7519,
      4896,
      6497
    ],
    [
      6497,
      7519,
      4896
    ],
    [
      6497,
      4896,
      7519
    ],
    [
      4896,
      7519,
      6497
    ],
    [
      4896,
      6497,
      7519
    ],
    [
      6615,
      8543,
      12325
    ],
    [
      6615,
      12325,
      8543
    ],
    [
      8543,
      6615,
      12325
    ],
    [
      8543,
      12325,
      6615
    ],
    [
      12325,
      6615,
      8543
    ],
    [
      12325,
      8543,
      6615
    ],
    [
      4890,
      12440,
      7311
    ],
    [
      4890,
      7311,
      12440
    ],
    [
      12440,
      4890,
      7311
    ],
    [
      12440,
      7311,
      4890
    ],
    [
      7311,
      4890,
      12440
    ],
    [
      7311,
      12440,
      4890
    ],
    [
      11990,
      11889,
      10659
    ],
    [
      11990,
      10659,
      11889
    ],
    [
      11889,
      11990,
      10659
    ],
    [
      11889,
      10659,
      11990
    ],
    [
      10659,
      11990,
      11889
    ],
    [
      10659,
      11889,
      11990
    ],
    [
      4373,
      6946,
      8237
    ],
    [
      4373,
      8237,
      6946
    ],
    [
      6946,
      4373,
      8237
    ],
    [
      6946,
      8237,
      4373
    ],
    [
      8237,
      4373,
      6946
    ],
    [
      8237,
      6946,
      4373
    ],
    [
      7519,
      3295,
      6613
    ],
    [
      7519,
      6613,
      3295
    ],
    [
      3295,
      7519,
      6613
    ],
    [
      3295,
      6613,
      7519
    ],
    [
      6613,
      7519,
      3295
    ],
    [
      6613,
      3295,
      7519
    ],
    [
      8887,
      8670,
      1592
    ],
    [
      8887,
      1592,
      8670
    ],
    [
      8670,
      8887,
      1592
    ],
    [
      8670,
      1592,
      8887
    ],
    [
      1592,
      8887,
      8670
    ],
    [
      1592,
      8670,
      8887
    ],
    [
      4889,
      4373,
      4855
    ],
    [
      4889,
      4855,
      4373
    ],
    [
      4373,
      4889,
      4855
    ],
    [
      4373,
      4855,
      4889
    ],
    [
      4855,
      4889,
      4373
    ],
    [
      4855,
      4373,
      4889
    ],
    [
      10323,
      1427,
      6247
    ],
    [
      10323,
      6247,
      1427
    ],
    [
      1427,
      10323,
      6247
    ],
    [
      1427,
      6247,
      10323
    ],
    [
      6247,
      10323,
      1427
    ],
    [
      6247,
      1427,
      10323
    ],
    [
      1969,
      12684,
      5259
    ],
    [
      1969,
      5259,
      12684
    ],
    [
      12684,
      1969,
      5259
    ],
    [
      12684,
      5259,
      1969
    ],
    [
      5259,
      1969,
      12684
    ],
    [
      5259,
      12684,
      1969
    ],
    [
      5204,
      6613,
      6247
    ],
    [
      5204,
      6247,
      6613
    ],
    [
      6613,
      5204,
      6247
    ],
    [
      6613,
      6247,
      5204
    ],
    [
      6247,
      5204,
      6613
    ],
    [
      6247,
      6613,
      5204
    ],
    [
      6946,
      2623,
      7345
    ],
    [
      6946,
      7345,
      2623
    ],
    [
      2623,
      6946,
      7345
    ],
    [
      2623,
      7345,
      6946
    ],
    [
      7345,
      6946,
      2623
    ],
    [
      7345,
      2623,
      6946
    ],
    [
      9600,
      8543,
      5322
    ],
    [
      9600,
      5322,
      8543
    ],
    [
      8543,
      9600,
      5322
    ],
    [
      8543,
      5322,
      9600
    ],
    [
      5322,
      9600,
      8543
    ],
    [
      5322,
      8543,
      9600
    ],
    [
      1312,
      7374,
      11478
    ],
    [
      1312,
      11478,
      7374
    ],
    [
      7374,
      1312,
      11478
    ],
    [
      7374,
      11478,
      1312
    ],
    [
      11478,
      1312,
      7374
    ],
    [
      11478,
      7374,
      1312
    ],
    [
      3295,
      2937,
      1969
    ],
    [
      3295,
      1969,
      2937
    ],
    [
      2937,
      3295,
      1969
    ],
    [
      2937,
      1969,
      3295
    ],
    [
      1969,
      3295,
      2937
    ],
    [
      1969,
      2937,
      3295
    ],
    [
      10501,
      11427,
      10652
    ],
    [
      10501,
      10652,
      11427
    ],
    [
      11427,
      10501,
      10652
    ],
    [
      11427,
      10652,
      10501
    ],
    [
      10652,
      10501,
      11427
    ],
    [
      10652,
      11427,
      10501
    ],
    [
      12273,
      8900,
      8543
    ],
    [
      12273,
      8543,
      8900
    ],
    [
      8900,
      12273,
      8543
    ],
    [
      8900,
      8543,
      12273
    ],
    [
      8543,
      12273,
      8900
    ],
    [
      8543,
      8900,
      12273
    ],
    [
      8768,
      4890,
      11427
    ],
    [
      8768,
      11427,
      4890
    ],
    [
      4890,
      8768,
      11427
    ],
    [
      4890,
      11427,
      8768
    ],
    [
      11427,
      8768,
      4890
    ],
    [
      11427,
      4890,
      8768
    ],
    [
      11889,
      8887,
      6232
    ],
    [
      11889,
      6232,
      8887
    ],
    [
      8887,
      11889,
      6232
    ],
    [
      8887,
      6232,
      11889
    ],
    [
      6232,
      11889,
      8887
    ],
    [
      6232,
      8887,
      11889
    ],
    [
      6946,
      8354,
      6615
    ],
    [
      6946,
      6615,
      8354
    ],
    [
      8354,
      6946,
      6615
    ],
    [
      8354,
      6615,
      6946
    ],
    [
      6615,
      6946,
      8354
    ],
    [
      6615,
      8354,
      6946
    ],
    [
      4372,
      6613,
      8543
    ],
    [
      4372,
      8543,
      6613
    ],
    [
      6613,
      4372,
      8543
    ],
    [
      6613,
      8543,
      4372
    ],
    [
      8543,
      4372,
      6613
    ],
    [
      8543,
      6613,
      4372
    ],
    [
      5890,
      12924,
      9712
    ],
    [
      5890,
      9712,
      12924
    ],
    [
      12924,
      5890,
      9712
    ],
    [
      12924,
      9712,
      5890
    ],
    [
      9712,
      5890,
      12924
    ],
    [
      9712,
      12924,
      5890
    ],
    [
      11427,
      9175,
      3129
    ],
    [
      11427,
      3129,
      9175
    ],
    [
      9175,
      11427,
      3129
    ],
    [
      9175,
      3129,
      11427
    ],
    [
      3129,
      11427,
      9175
    ],
    [
      3129,
      9175,
      11427
    ],
    [
      9712,
      10652,
      4978
    ],
    [
      9712,
      4978,
      10652
    ],
    [
      10652,
      9712,
      4978
    ],
    [
      10652,
      4978,
      9712
    ],
    [
      4978,
      9712,
      10652
    ],
    [
      4978,
      10652,
      9712
    ],
    [
      7187,
      1566,
      8354
    ],
    [
      7187,
      8354,
      1566
    ],
    [
      1566,
      7187,
      8354
    ],
    [
      1566,
      8354,
      7187
    ],
    [
      8354,
      7187,
      1566
    ],
    [
      8354,
      1566,
      7187
    ],
    [
      4690,
      8237,
      6936
    ],
    [
      4690,
      6936,
      8237
    ],
    [
      8237,
      4690,
      6936
    ],
    [
      8237,
      6936,
      4690
    ],
    [
      6936,
      4690,
      8237
    ],
    [
      6936,
      8237,
      4690
    ],
    [
      1312,
      8887,
      12684
    ],
    [
      1312,
      12684,
      8887
    ],
    [
      8887,
      1312,
      12684
    ],
    [
      8887,
      12684,
      1312
    ],
    [
      12684,
      1312,
      8887
    ],
    [
      12684,
      8887,
      1312
    ],
    [
      4894,
      3129,
      6869
    ],
    [
      4894,
      6869,
      3129
    ],
    [
      3129,
      4894,
      6869
    ],
    [
      3129,
      6869,
      4894
    ],
    [
      6869,
      4894,
      3129
    ],
    [
      6869,
      3129,
      4894
    ],
    [
      9712,
      6613,
      6497
    ],
    [
      9712,
      6497,
      6613
    ],
    [
      6613,
      9712,
      6497
    ],
    [
      6613,
      6497,
      9712
    ],
    [
      6497,
      9712,
      6613
    ],
    [
      6497,
      6613,
      9712
    ],
    [
      4978,
      10652,
      10501
    ],
    [
      4978,
      10501,
      10652
    ],
    [
      10652,
      4978,
      10501
    ],
    [
      10652,
      10501,
      4978
    ],
    [
      10501,
      4978,
      10652
    ],
    [
      10501,
      10652,
      4978
    ],
    [
      5564,
      12924,
      6747
    ],
    [
      5564,
      6747,
      12924
    ],
    [
      12924,
      5564,
      6747
    ],
    [
      12924,
      6747,
      5564
    ],
    [
      6747,
      5564,
      12924
    ],
    [
      6747,
      12924,
      5564
    ],
    [
      8900,
      4896,
      7187
    ],
    [
      8900,
      7187,
      4896
    ],
    [
      4896,
      8900,
      7187
    ],
    [
      4896,
      7187,
      8900
    ],
    [
      7187,
      8900,
      4896
    ],
    [
      7187,
      4896,
      8900
    ],
    [
      2474,
      1726,
      11889
    ],
    [
      2474,
      11889,
      1726
    ],
    [
      1726,
      2474,
      11889
    ],
    [
      1726,
      11889,
      2474
    ],
    [
      11889,
      2474,
      1726
    ],
    [
      11889,
      1726,
      2474
    ],
    [
      3916,
      6004,
      8354
    ],
    [
      3916,
      8354,
      6004
    ],
    [
      6004,
      3916,
      8354
    ],
    [
      6004,
      8354,
      3916
    ],
    [
      8354,
      3916,
      6004
    ],
    [
      8354,
      6004,
      3916
    ],
    [
      4373,
      8543,
      3295
    ],
    [
      4373,
      3295,
      8543
    ],
    [
      8543,
      4373,
      3295
    ],
    [
      8543,
      3295,
      4373
    ],
    [
      3295,
      4373,
      8543
    ],
    [
      3295,
      8543,
      4373
    ],
    [
      4890,
      9594,
      5890
    ],
    [
      4890,
      5890,
      9594
    ],
    [
      9594,
      4890,
      5890
    ],
    [
      9594,
      5890,
      4890
    ],
    [
      5890,
      4890,
      9594
    ],
    [
      5890,
      9594,
      4890
    ],
    [
      6613,
      4690,
      9893
    ],
    [
      6613,
      9893,
      4690
    ],
    [
      4690,
      6613,
      9893
    ],
    [
      4690,
      9893,
      6613
    ],
    [
      9893,
      6613,
      4690
    ],
    [
      9893,
      4690,
      6613
    ],
    [
      12325,
      5204,
      1566
    ],
    [
      12325,
      1566,
      5204
    ],
    [
      5204,
      12325,
      1566
    ],
    [
      5204,
      1566,
      12325
    ],
    [
      1566,
      12325,
      5204
    ],
    [
      1566,
      5204,
      12325
    ],
    [
      9600,
      5890,
      11064
    ],
    [
      9600,
      11064,
      5890
    ],
    [
      5890,
      9600,
      11064
    ],
    [
      5890,
      11064,
      9600
    ],
    [
      11064,
      9600,
      5890
    ],
    [
      11064,
      5890,
      9600
    ],
    [
      1427,
      9349,
      82
    ],
    [
      1427,
      82,
      9349
    ],
    [
      9349,
      1427,
      82
    ],
    [
      9349,
      82,
      1427
    ],
    [
      82,
      1427,
      9349
    ],
    [
      82,
      9349,
      1427
    ],
    [
      1592,
      9712,
      6247
    ],
    [
      1592,
      6247,
      9712
    ],
    [
      9712,
      1592,
      6247
    ],
    [
      9712,
      6247,
      1592
    ],
    [
      6247,
      1592,
      9712
    ],
    [
      6247,
      9712,
      1592
    ],
    [
      8900,
      8543,
      9175
    ],
    [
      8900,
      9175,
      8543
    ],
    [
      8543,
      8900,
      9175
    ],
    [
      8543,
      9175,
      8900
    ],
    [
      9175,
      8900,
      8543
    ],
    [
      9175,
      8543,
      8900
    ],
    [
      8768,
      10652,
      5564
    ],
    [
      8768,
      5564,
      10652
    ],
    [
      10652,
      8768,
      5564
    ],
    [
      10652,
      5564,
      8768
    ],
    [
      5564,
      8768,
      10652
    ],
    [
      5564,
      10652,
      8768
    ],
    [
      628,
      10659,
      5204
    ],
    [
      628,
      5204,
      10659
    ],
    [
      10659,
      628,
      5204
    ],
    [
      10659,
      5204,
      628
    ],
    [
      5204,
      628,
      10659
    ],
    [
      5204,
      10659,
      628
    ],
    [
      12440,
      8900,
      7345
    ],
    [
      12440,
      7345,
      8900
    ],
    [
      8900,
      12440,
      7345
    ],
    [
      8900,
      7345,
      12440
    ],
    [
      7345,
      12440,
      8900
    ],
    [
      7345,
      8900,
      12440
    ],
    [
      11427,
      1427,
      2339
    ],
    [
      11427,
      2339,
      1427
    ],
    [
      1427,
      11427,
      2339
    ],
    [
      1427,
      2339,
      11427
    ],
    [
      2339,
      11427,
      1427
    ],
    [
      2339,
      1427,
      11427
    ],
    [
      628,
      2339,
      5179
    ],
    [
      628,
      5179,
      2339
    ],
    [
      2339,
      628,
      5179
    ],
    [
      2339,
      5179,
      628
    ],
    [
      5179,
      628,
      2339
    ],
    [
      5179,
      2339,
      628
    ],
    [
      8887,
      545,
      6946
    ],
    [
      8887,
      6946,
      545
    ],
    [
      545,
      8887,
      6946
    ],
    [
      545,
      6946,
      8887
    ],
    [
      6946,
      8887,
      545
    ],
    [
      6946,
      545,
      8887
    ],
    [
      8768,
      12684,
      4894
    ],
    [
      8768,
      4894,
      12684
    ],
    [
      12684,
      8768,
      4894
    ],
    [
      12684,
      4894,
      8768
    ],
    [
      4894,
      8768,
      12684
    ],
    [
      4894,
      12684,
      8768
    ],
    [
      6497,
      9527,
      11889
    ],
    [
      6497,
      11889,
      9527
    ],
    [
      9527,
      6497,
      11889
    ],
    [
      9527,
      11889,
      6497
    ],
    [
      11889,
      6497,
      9527
    ],
    [
      11889,
      9527,
      6497
    ],
    [
      2133,
      10652,
      1601
    ],
    [
      2133,
      1601,
      10652
    ],
    [
      10652,
      2133,
      1601
    ],
    [
      10652,
      1601,
      2133
    ],
    [
      1601,
      2133,
      10652
    ],
    [
      1601,
      10652,
      2133
    ],
    [
      7519,
      2623,
      1592
    ],
    [
      7519,
      1592,
      2623
    ],
    [
      2623,
      7519,
      1592
    ],
    [
      2623,
      1592,
      7519
    ],
    [
      1592,
      7519,
      2623
    ],
    [
      1592,
      2623,
      7519
    ],
    [
      6869,
      11587,
      5564
    ],
    [
      6869,
      5564,
      11587
    ],
    [
      11587,
      6869,
      5564
    ],
    [
      11587,
      5564,
      6869
    ],
    [
      5564,
      6869,
      11587
    ],
    [
      5564,
      11587,
      6869
    ],
    [
      6004,
      8390,
      1726
    ],
    [
      6004,
      1726,
      8390
    ],
    [
      8390,
      6004,
      1726
    ],
    [
      8390,
      1726,
      6004
    ],
    [
      1726,
      6004,
      8390
    ],
    [
      1726,
      8390,
      6004
    ],
    [
      11427,
      8390,
      12924
    ],
    [
      11427,
      12924,
      8390
    ],
    [
      8390,
      11427,
      12924
    ],
    [
      8390,
      12924,
      11427
    ],
    [
      12924,
      11427,
      8390
    ],
    [
      12924,
      8390,
      11427
    ],
    [
      3916,
      10659,
      9710
    ],
    [
      3916,
      9710,
      10659
    ],
    [
      10659,
      3916,
      9710
    ],
    [
      10659,
      9710,
      3916
    ],
    [
      9710,
      3916,
      10659
    ],
    [
      9710,
      10659,
      3916
    ],
    [
      9048,
      11427,
      11587
    ],
    [
      9048,
      11587,
      11427
    ],
    [
      11427,
      9048,
      11587
    ],
    [
      11427,
      11587,
      9048
    ],
    [
      11587,
      9048,
      11427
    ],
    [
      11587,
      11427,
      9048
    ],
    [
      5204,
      9349,
      11587
    ],
    [
      5204,
      11587,
      9349
    ],
    [
      9349,
      5204,
      11587
    ],
    [
      9349,
      11587,
      5204
    ],
    [
      11587,
      5204,
      9349
    ],
    [
      11587,
      9349,
      5204
    ],
    [
      6946,
      9712,
      7345
    ],
    [
      6946,
      7345,
      9712
    ],
    [
      9712,
      6946,
      7345
    ],
    [
      9712,
      7345,
      6946
    ],
    [
      7345,
      6946,
      9712
    ],
    [
      7345,
      9712,
      6946
    ],
    [
      11064,
      8543,
      7311
    ],
    [
      11064,
      7311,
      8543
    ],
    [
      8543,
      11064,
      7311
    ],
    [
      8543,
      7311,
      11064
    ],
    [
      7311,
      11064,
      8543
    ],
    [
      7311,
      8543,
      11064
    ],
    [
      6869,
      4896,
      9710
    ],
    [
      6869,
      9710,
      4896
    ],
    [
      4896,
      6869,
      9710
    ],
    [
      4896,
      9710,
      6869
    ],
    [
      9710,
      6869,
      4896
    ],
    [
      9710,
      4896,
      6869
    ],
    [
      9893,
      4855,
      4978
    ],
    [
      9893,
      4978,
      4855
    ],
    [
      4855,
      9893,
      4978
    ],
    [
      4855,
      4978,
      9893
    ],
    [
      4978,
      9893,
      4855
    ],
    [
      4978,
      4855,
      9893
    ],
    [
      7187,
      11990,
      12684
    ],
    [
      7187,
      12684,
      11990
    ],
    [
      11990,
      7187,
      12684
    ],
    [
      11990,
      12684,
      7187
    ],
    [
      12684,
      7187,
      11990
    ],
    [
      12684,
      11990,
      7187
    ],
    [
      9527,
      4978,
      1969
    ],
    [
      9527,
      1969,
      4978
    ],
    [
      4978,
      9527,
      1969
    ],
    [
      4978,
      1969,
      9527
    ],
    [
      1969,
      9527,
      4978
    ],
    [
      1969,
      4978,
      9527
    ],
    [
      11889,
      4372,
      9712
    ],
    [
      11889,
      9712,
      4372
    ],
    [
      4372,
      11889,
      9712
    ],
    [
      4372,
      9712,
      11889
    ],
    [
      9712,
      11889,
      4372
    ],
    [
      9712,
      4372,
      11889
    ],
    [
      11086,
      9048,
      8887
    ],
    [
      11086,
      8887,
      9048
    ],
    [
      9048,
      11086,
      8887
    ],
    [
      9048,
      8887,
      11086
    ],
    [
      8887,
      11086,
      9048
    ],
    [
      8887,
      9048,
      11086
    ],
    [
      4855,
      5890,
      4890
    ],
    [
      4855,
      4890,
      5890
    ],
    [
      5890,
      4855,
      4890
    ],
    [
      5890,
      4890,
      4855
    ],
    [
      4890,
      4855,
      5890
    ],
    [
      4890,
      5890,
      4855
    ],
    [
      12684,
      82,
      441
    ],
    [
      12684,
      441,
      82
    ],
    [
      82,
      12684,
      441
    ],
    [
      82,
      441,
      12684
    ],
    [
      441,
      12684,
      82
    ],
    [
      441,
      82,
      12684
    ],
    [
      9175,
      12924,
      6561
    ],
    [
      9175,
      6561,
      12924
    ],
    [
      12924,
      9175,
      6561
    ],
    [
      12924,
      6561,
      9175
    ],
    [
      6561,
      9175,
      12924
    ],
    [
      6561,
      12924,
      9175
    ],
    [
      5322,
      6232,
      6747
    ],
    [
      5322,
      6747,
      6232
    ],
    [
      6232,
      5322,
      6747
    ],
    [
      6232,
      6747,
      5322
    ],
    [
      6747,
      5322,
      6232
    ],
    [
      6747,
      6232,
      5322
    ]
  ],
  "standalone_indices": [
    82,
    441,
    545,
    628,
    1312,
    1427,
    1566,
    1592,
    1601,
    1726,
    1969,
    2133,
    2339,
    2474,
    2623,
    2937,
    3129,
    3295,
    3916,
    4372,
    4373,
    4690,
    4855,
    4889,
    4890,
    4894,
    4896,
    4978,
    5179,
    5204,
    5259,
    5322,
    5564,
    5890,
    6004,
    6232,
    6247,
    6497,
    6561,
    6613,
    6615,
    6747,
    6869,
    6936,
    6946,
    7187,
    7311,
    7345,
    7374,
    7519,
    8237,
    8354,
    8390,
    8543,
    8670,
    8768,
    8887,
    8900,
    9048,
    9175,
    9349,
    9527,
    9594,
    9600,
    9710,
    9712,
    9893,
    10323,
    10501,
    10652,
    10659,
    11064,
    11086,
    11427,
    11478,
    11587,
    11889,
    11990,
    12273,
    12325,
    12440,
    12684,
    12924
  ],
  "generation_config": {
    "dataset_dir": "/Users/eliasschuhmacher/Projects/LoCoBench/data/wiki_parallel_en_de_hi_it_ko/tokenized__Alibaba-NLP_gte-multilingual-base",
    "source_lang": "en",
    "target_langs": [
      "de",
      "hi",
      "it",
      "ko"
    ],
    "concat_size": 3,
    "sample_size": 500,
    "max_total_length": 8192,
    "source_segment_range": [
      1000,
      2000
    ],
    "source_target_segment_diffs": [
      0.7,
      0.7,
      0.7,
      0.7
    ]
  },
  "stats": {
    "num_concat_samples": 504,
    "num_standalone_indices": 83
  }
}